layout_spectrum: 0.3120089
typography_spectrum: 0.3385631
color:
  saturation: 0.3639909
  lightness: 0.4632269
  brandStrength: 0.5332065
  rhythmicContrast: 0.1405589
